#List of markets for the selected product Product: 2709 Crude petroleum oils
#"Partners"	"Balance in value in 2001"	"Balance in value in 2002"	"Balance in value in 2003"	"Balance in value in 2004"	"Balance in value in 2005"	"Balance in value in 2006"	"Balance in value in 2007"	"Balance in value in 2008"	"Balance in value in 2009"	"Balance in value in 2010"	"Balance in value in 2011"	"Balance in value in 2012"	"Balance in value in 2013"	"Exported value in 2013"	"Imported value in 2013"	
World	-30274355	-23868583	-35345659	-46807314	-47967614	-43480208	-59603792	-96456639	-54436925	-93785281	-66293965	-137059936	-149325604	1482522783	1631848387	
Saudi Arabia	50889027	55070883	70641437	92855996	137175928	162218777	180030389	247097215	142194191	189433610	284976018	305237241	289279417	289279455	38	
Russian Federation	23164356	27209577	36426413	54549999	79138345	96129577	113613782	150781259	93222306	128055702	171686160	180756586	173513543	173668305	154762	
United Arab Emirates					40575251		59067497	80476786	46449932	61098590	92880600	101277598	105294404	105294596	192	
Iraq	11819507	9564057	8644537	16574194	18144642	28500585	35452873	59290188	38163430	50294696	76866395	91888960	88402736	88402832	96	
Nigeria	17731612	16597742	23207188			54871675	50145562	74832117	42207827	60904543	90094386	99054530	80105757	80107103	1346	
Kuwait	9586802	8174614	11516431	16652962		36652003	38610941	57754482	35873198	46594837	67002286	82162950	77975301	77975301	0	
Angola	5971787	7197427	8798581	12332737	20937645	30667981	38342082	65403755	38000715	51399899	63245893	70445861	67373617	67374211	594	
Canada	2224819	3828535	4728585	7009116	6698224	12844789	16481056	31680650	19115553	27376679	40652763	44510037	53099314	79344848	26245534	
Kazakhstan	4022514	4797257	6753070	10906206	16617399	22118690	26299503	40735057	24760722	35641380	52671932	54243577	52381583	55221442	2839859	
Norway	26814390	25679893	28882038	36834631	46749394	50800662	53563394	66355470	39348975	46920465	58295550	53505951	47466479	48906490	1440011	
Mexico	11590841	13108886	16832087	21257819	28329488	34707138	37937155	43341533	25693513	35907426	49363264	46788238	42822396	42822488	92	
Iran (Islamic Republic of)	19762052	19218990	26124000	34288596	48286000	50223930				46709441	84381572	52748016	37698576	37698576	0	
Libya							25484020	35641144	21978949	30544935	15638389	51774280	34458341	34520412	62071	
Algeria	7120765	7956805	11365746	17567326	24518790	30383593	33799091	41649227	21284445	24779425	35027506	32879388	30380084	30380113	29	
Colombia	2536979	2548018	2437158	2945116	3905677	4341574	5181198	9057986	8053479	13393966	23020127	26550023	27644189	27644198	9	
Azerbaijan	1725479	1476267	1816098	2264435	2218812	3848498	3214194	44170798	11989736	18489553	22911024	20232597	26466241	26466241	0	
Qatar	5610467	2881436	6716841	8529111	12843478	15981152	19181243	25760580	15758426	20230722	26426284	26187668	24928836	24928836	0	
Ecuador	1722331	1838494	2372314	3898508	5396837	6934010	7428347	10567940	6284126	8951938	11799966	12711212	13411733	13411759	26	
Equatorial Guinea	1590005	1746954	2447492	3990335	6138124	7728814	8202337	12157061	3084197	4463668	8455929	11518885	9663955	9663955	0	
Congo							5294572	7486754	5541607	4461916	12376462	5888840	7687979	7687979	0	
Gabon	2055639	1970240	10610	2079076	4185202	5077716	5179580	8329051	4347153	5286493	7834041	8127145	7186169	7195776	9607	
Viet Nam	3125602	3251133	3816018	5651796	7373484	8312047	8487604	10356846	6193671	4688722	6674508	7750425	6235703	7023695	787992	
Brunei Darussalam	1556434	1688787	2022091	2908230		5140803				4554027	6416849	6271267	5196420	5196420	0	
Sudan (North + South)	0	128326	-29	0	0	-529		8684468	6928610	9655989	7170672	2698957	5186322	5186327	5	
Yemen				3576026	4754226	5636213	4971945	5879518	5034302	4517789	4480214	5335167	4690217	4690241	24	
Ghana	-285442		-576465		-617157	-684932	-790643	-1083977	-100125	-3	2861932	3463149	3785488	3786076	588	
Malaysia	1435065	1856652	2524209	3986464	4654415	4008480	4281434	6174787	3033693	3957910	2913867	1476815	3049652	10212388	7162736	
Chad		22	15956	1152414	1593179	2276146	2379821	3686049	2110211	2587218	3717696	2737921	2996351	2996351	0	
Cameroon	513792	614195	831782	652215	181711	856302	400687	12	-6	183889	-85	533187	2227254	2254561	27307	
Argentina	2109970	2184727	2244153	2175132	2440189	2371601	1276981	1615209	2466356	2583531	2182219	2457329	1491349	1736775	245426	
Denmark	1478351	1714124	2020755	2935801	4223634	4194440	3809213	4469976	2378282	2794560	3445520	2120370	1328760	4910025	3581265	
Egypt	295897	315315	340922	403051	-282740	-158321	-140782	599633	489328	456363	1313759	89378	1030976	3059529	2028553	
Democratic Republic of the Congo	126693	196388	114546	87113	231045	127390	305173	163315	452361	549439	1138118	724113	1003928	1003980	52	
Côte d'Ivoire	-485415	-328326	-346983	-740018	-1078688	-449295	-852206	-1144476	-481862	-598370	-443362	-1497221	983749	989329	5580	
Tunisia	270352	288966	229876	434577	659586	641288	1473095	1695332	1050665	1918373	2014910	1016402	790939	1748136	957197	
Guinea	0	0		0	0	-15	-4	0		0	0	-2	680140	680141	1	
Albania	32	-1	-5	-8	9887	17904	59054	75084	51781	149689	293641	492715	658043	658043	0	
Timor-Leste				-2	0			-39487		23566	34549	604486	542845	542845	0	
Mongolia	1227		1524	5339	9262	19841	53304						515456	515456	0	
Mauritania	-7	0	0	0	0		338717	326431	-19	0	107486	271296	304289	304620	331	
Bolivia	47329	62109	95513	171492	309826	344757	267891	310090	77523	186644	227551	392421	293875	293880	5	
Guatemala	-57448	35361	173319	158689	203030	229181	249104	373639	191617	227660	335249	291570	277190	277351	161	
Bahrain	-1538295	-1672338	-2066752	-2765155	-4169674	-4901588	-5864086	-7850698	-5147361	-5858859	-7445744	57748	197017	197041	24	
Papua New Guinea	561095	367700	458061	513345							-65660	-845960	141639	737372	595733	
Myanmar										0	-75		132258	132258	0	
Netherland Antilles					0	0	0	0		-214892	-627314	-280542	124964	124964	0	
Trinidad and Tobago	-281448	-350931	-514257	-18262	-279172	-39206	-664195	-1077953	-1034073	-668186	188224	449449	79271	1262717	1183446	
Cuba	-332710	-269667	-490653	-527890	-847073	0	-19362	31806	31591	29260	2	-2	74632	74632	0	
Turkmenistan	69314	125241	66071	56322	212266	118756	131095	244488	143577	87608	136069	136314	72551	72552	1	
Belize	0	0	-1	0	0	44385	71606	118280	63570	100551	146044	93150	70096	70096	0	
Georgia	9195	6143	12189	9944	23109	25431	28259	4621	19279	25910	34309	26814	41102	41104	2	
Hong Kong China	0	0	0	0	0	0	0	0	0	0	0	0	21951	182095	160144	
Barbados	0	6028	12252	15276	16696	23114	68771	22285	1140	0	2496	31979	18072	24296	6224	
Latvia	1755	1503	1454	3612	943	2258	0	-305	46	148	32940	33292	832	2029	1197	
Slovenia	160	180	119	161	182	112	-62	-32	0	0	57	276	323	323	0	
Samoa	0	0	0	17	-2	-5	1	0	-3	0	-2	0	80	85	5	
Rwanda	0	0	0	-4	0	-2	-3	9	30	3	12	-7	34	34	0	
Uganda	-1	60	0	-7	-54	-62	-7	29	-49	-6	-35	-379	9	25	16	
Turkey	-3875025	-4084558	-4773764	-6091544	-8637307	-10706466	-11784210	-15638922	-6415358	-9646956	0	0	1	1	0	
Mali	0	-1	0	-63	-12	-11	-12	-91		0	0	-1	1	1	0	
Maldives	0	0	0	0	-643	-1245	0	0	0	0	0	0	0			
Mauritius	-1	-23	-19	-1	-9	0	0	13	0	0	0	-3	0			
Montenegro						0	0	-3	14	-35	-1	0	0			
New Caledonia	0	0	0	-6	-1	-1	-4	0	-2	-4	0	-6	0			
Madagascar	-77235	-75423	-83799	-16	0	-1	-9	-2	0	0	0	-1	0			
Greenland	0	-1	-2	-5	-3	-5	0	0	0	0	0	0	0			
Armenia	-68	0	0	0	0	0	0	0	0	0	0	0	0			
Antigua and Barbuda					0		0		0	-1	-1	0	0			
Cabo Verde	0	0	0	0	0	0	0		0	0	-2	-1	0			
French Polynesia	0	0	0	0	0	-1	-1	-1	0	0	0	0	0			
Cyprus	-191911	-201162	-175635	-94116	0	0	0	0	0	0	-2	0	0			
Benin	0	0	0	0	0	0	0	-1	0	0	0	0	0			
Venezuela	14560349	18316907	20235726	20607428	33046804	56228508		61005632	35844018	44156540	60913161	0	0			
Saint Helena	-6	-6			-1					-5		-4	-2	0	2	
St. Pierre and Miquelon										-3		-1	-2	0	2	
Guyana	-2	-2	43	-1	-34	0	-30	0	0	0	5	-34	-2	0	2	
Malta	0	0	-3	-9	0	0	1	-1	-1	3	-34	0	-4	1	5	
Iceland	0	-1	-2	0	0	0	0	-19	-5	-12	-5	-3	-5	0	5	
El Salvador	-168836	-175327	-209352	-225825	-317637	-359269	-475857	-572859	-367656	-473339	-565736	-409452	-5	0	5	
Niger	0	0	0	0	2	0	0	1	1	-6	0	2	-5	0	5	
Cambodia	-15	0	0	0	0	0	0	-6	-1	-3	0	0	-6	0	6	
Lebanon	23	-155	-149	-315	-273	-89	-111	-112	-76	-78	23	-15	-6	127	133	
Bangladesh	-65017	-135906	-328580	-208883	-158192	-221462	-222323	-60	22946	28696	17383		-8	0	8	
Tanzania United Republic of	-195	0	0	1	-3	-50	-238	-11	-10	-173	-699	385	-8	5	13	
Honduras	66	-2954	-21	-12	-16	-2	-29	19	0	-1	0	1	-9	0	9	
Costa Rica	-44817	-84730	-110618	-149460	-204958	-295139	-350442	-505934	-115134	-300813	-160374	-13	-12	5	17	
Montserrat	0	0	0	0	0	0	0	0	0			0	-20	0	20	
Mozambique	0	-10	0	-4	-30	-151	-1	-2	-70	-2	-17	-12	-24	0	24	
Luxembourg	-25	-63	-14	-83	-165	-46	-22	-55	-115	-101	-62	-65	-31	8	39	
Swaziland	-1394	-929	-1019	-731	-858	-953	-433			43679	-4305		-38	0	38	
Fiji		-5	-5	0	-2	-1	0	2	-1	-2	-28	12	-50	0	50	
Burundi	0	0	0	-2	-60	-25	-18	-35	-43	-7	-7	0	-61	0	61	
Paraguay	-18908	-19330	-19918	-17265	-14463	0	0	0	-5	-22	-22	-42	-68	0	68	
Zimbabwe	-5	-34		-13	-7	-17	-64	-18	-407	-252	-178	-127	-80	0	80	
Tokelau							-2						-85	0	85	
Malawi	-2	-1	-2	-2	-7	0	-86	-38	-69	-33	-14	-58	-94	0	94	
Namibia	-44	6	-6	-1319	-2463	-2381	268	525	1417	371	1706	1079	-103	156	259	
Guinea-Bissau			0	0	0	-1258				71064	44402		-107	0	107	
Botswana	-239	-450	-773	-523	-176	-318	-193	-215	-245	-160	-425	-1164	-244	37	281	
Lesotho	-3056	-9528	-6637					-797	-2062	-9995			-282	0	282	
Afghanistan								0	0	0	-316	0	-388	0	388	
Kyrgyzstan	0	-849	-252	-884	-840	-3765	-26857	-42034	-1702	-4153	793	-4704	-581	0	581	
Togo	0	-2	0	0	-1		0	-7	-71	0	0	-430	-600	0	600	
Republic of Moldova	-40	-13	-126	771	-7	0	-367	0	-239	0	-5	-44	-619	0	619	
Sierra Leone		0		-651	-1413	-973		43580	-18		-43	-4	-1734	0	1734	
Ship stores and bunkers	-8915	-5199	2549	-5297	62602	-26147	-84	59650	-22	190682	-15	-1	-2266	0	2266	
Liberia	-9965		12038	-543	-1189	219309	38576	205210	184746	129695	41585	50492	-10352	0	10352	
Oman	7629095	7422144	8289466	9076705	13188429	14376605	14441946	21886486	13937016	20826011	27723093	30672730	-15957	6	15963	
Estonia	-105	-42	30	-2098	-5271	-42192	2849	11	0	-1	133	1008	-22181	8824	31005	
Macedonia The Former Yugoslav Republic of	-118117	-96203	-192016	-220319	-395757	-537118	-570281		0	-527787	-578084	-228676	-45821	0	45821	
Gibraltar	-131578	-19258	-125120	-499364	-292660	-7568	8025	-241	23401		-47577	-48	-79388	0	79388	
Zambia	43	-345	-41432	-134409	-101324	-232159	-226533	-481853	-430834	-508784	-335330	-557197	-88817	47	88864	
Saint Lucia	0	0	0	0	0	-2	0	0	-2300537	-2829304	-2834207	-1370537	-91847	0	91847	
Jamaica	-167986	-224128	-187665	-200558	-182748	-447072	-515459	-866093	-498370	-627690	-901614	-939267	-109343	0	109343	
Tajikistan		554	-45837	-47001	-6608	1538	-54681	-92397				-98333	-114175	0	114175	
Nicaragua	-182166	-140835	-196061	-234654	-221275	-362305	-409435	-446800	-371936	-475516	-617492	-406474	-124964	0	124964	
Uzbekistan		-8	-35229	-49202	-76664	-128001	-229814	-388017	-278285	-263353	-390204	-309943	-250211	0	250211	
Bahamas	-11330	-1	0	-155	-1	-5312	-1	0	0	0	0	-4	-330557	168015	498572	
Aruba					0				0	0	0	0	-373467	0	373467	
Korea Democratic People's Republic of	-153110	-118097	-121004	-246722	-430410	-595258	-496142	-441360	-357126	-325774	-518361	-577897	-598134	0	598134	
Ukraine	-2091407	-2369430	-3415615	-4275844	-4575810	-4341718	-4551133	-4506031	-2987269	-4171265	-4272366	-1235941	-630280	0	630280	
Senegal	-151612	-396156	-233513	-294275	-304889	-110031	-403662	-768612	-391812	-451222	-539251	-752624	-675067	26379	701446	
Bosnia and Herzegovina			0	-39451	-41753	-251	-324	-32218	-450125	-628703	-915823	-785808	-814065	0	814065	
Peru	-477493	-481634	-605213	-987494	-1550655	-1703740	-2132392	-2789361	-1856809	-2184416	-3068204	-3097069	-1132960	563754	1696714	
Dominican Republic	-307419	0	0	-11	-12	-8	6	17	-435205	-863920	-979423	-1030247	-1235265	0	1235265	
Serbia					-1067046	-1161811	-1317066	-1914496	-1001030	-1087820	-1192526	-900104	-1322531	390	1322921	
Uruguay	-298787	-183026	-370138	-594265	-796085	-864572	-708795	-1638170	-815668	-1151184	-948222	-1685091	-1564140	0	1564140	
Croatia	-728656	-733073	-801188	-1089986	-1442324	-1673194	-2187542	-2568802	-1792223	-2034431	-2287117	-1874781	-1965525	0	1965525	
Jordan	-544255	-570707	-660044	-1082462		-2022765	-2066451	-2709504	-1502102	-1866113	-2485180	-2637552	-2284716	22	2284738	
Ireland	-536883	-252480	-282042	-628423	-1260341	-1528801	-1934482	-2106531	-1317358	-1814845	-2360650	-2412561	-2492104	0	2492104	
Panama	-425984	-221682	0		0	0	0	0	0	0	0	-3376832	-2952452	57318	3009770	
New Zealand	-551698	-672784	-804352	-987806	-1350628	-1779053	-1185928	-1355987	-782804	-1493491	-2463949	-3121321	-3093218	1206016	4299234	
Brazil	-2473284	-1556137	-1679691	-4243897	-3502026	-2168026	-3070720	-2891644	144654	6195971	7522697	6900148	-3363355	12956638	16319993	
Indonesia	2827161	2010738	1593637	409941	1348869	316266	169158	2357245	458053	1871619	2674223	1490161	-3381100	10204710	13585810	
Switzerland	-934057	-909519	-1031319	-1475132	-1932202	-2726549	-2483966	-4110602	-2126117	-2748162	-3629472	-2815747	-4099556	16	4099572	
Romania	-954170	-1065617	-1087685	-1918026	-3292973	-3950171	-4437462	-5952983	-3108282	-3317329	-4360035	-4129745	-4148837	41213	4190050	
Morocco	-1282227	-1171534	-964650	-1641224	-2702175	-2866457	-3216952	-3983398	-2138624	-2979574	-3888049	-4351908	-4374497	331	4374828	
Hungary	0	-834651	0	-1200546	-2061764	0	-2773643	0	0	-2949571	-4649277	-4394178	-4437354	50783	4488137	
Bulgaria	0	0	0	0	0	0	-3675436	-4904179	-2733155	-3118208	-4031002	-4755436	-4487404	239	4487643	
Slovakia	-873137	-923208	-1079460	-1395029	-1864081	-2614013	-3000708	-4024787	-2391189	-3032679	-4640433	-4222253	-4521212	7890	4529102	
Czech Republic	-1060428	-2009591	-1266958	-1651158	-2815759	-3643672	-3534678	-6049453	-3212879	-4423938	-5567062	-5859252	-5395256	18914	5414170	
Pakistan			-1411511	-2065204	-2771062	-3758658	-3664373	-5891671	-3132919	-3516277	-5199413	-5270312	-5473296	0	5473296	
Philippines	-2822895	-2274852	-2629191	-2552143	-3736939	-5042703	-5696763	-7523084	-3129384	-5201424	-7458978	-7021016	-5641544	975508	6617052	
Chile	-1725217	-1523452	-2125552	-2874563	-3775524	-4873220	-5018278	-7175214	-3975408	-4340629	-6495646	-6107808	-6274145	0	6274145	
Austria	-1485523	-1537537	-1734969	-2153207	-3083193	-3752454	-4187468	-6039941	-3434636	-4070228	-6175264	-6360810	-6536703	0	6536703	
Belarus	-1309119	-1410979	-1839356	-2989064	-3744004	-5104168	-6750538	-8503912	-6326911	-6780517	-8067886	-7417770	-7148002	1241331	8389333	
Lithuania	-935324	-981514	-1269113	-1867290	-3246668	-3483144	-2259426	-6611422	-3884668	-5501540	-7412121	-7400662	-7659097	53432	7712529	
Israel	-1670852	-1648593	-2134043	-2458715	-3900835	-4764199	-5152798	-8060774	-5116851	-6671997	-8639210	-9467478	-9053495	4179	9057674	
Finland	-2005215	-2173093	-2534783	-3294909	-4046871	-5877644	-6387340	-8238017	-5230323	-6574162	-9558684	-9212241	-9342205	2	9342207	
Portugal	-2217248	-2079712	-2721305	-3713964	-4928862	-6333785	-6462747	-8881843	-4733236	-6649516	-8448644	-9532532	-9357882	0	9357882	
United Kingdom	7980172	7607974	5470941	1745243	-1552204	-5152926	2234665	-7199094	-3384198	-4709985	-17451855	-17261122	-9563291	30321719	39885010	
Australia	-610318	-397357	-1200135	-2435576	-3225850	-4959259	-5497172	-6437463	-4131878	-5190731	-9666081	-11031849	-10819035	8675391	19494426	
Sweden	-3527046	-3389150	-4419951	-5627085	-7547213	-8861372	-9114507	-13310833	-7324093	-10474485	-14501876	-17004525	-12702080	3948	12706028	
South Africa	-3099563	-2785846	-3597347	-5913022	-6471751	-9029834	-9077821	-14689864	-10041517	-11192386	-13929721	-15529922	-14721044	708	14721752	
Greece	-3258567	-3247111	-4140523	-4650758	-6889893	-8349523	-8326383	-11644524	-6250898	-11075405	-10016057	-16522251	-15875927	176267	16052194	
Poland	-2825519	-2831475	-3393774	-4192424	-6065997	-8376931	-9886545	-14839818	-8430575	-12274032	-17833628	-19446469	-17714923	334011	18048934	
Belgium	-6429334	-6171150	-7638058	-8514965	-11339369	-13885196	-16182080	-22621258	-13524239	-18366190	-25115900	-27092425	-26364482	2119677	28484159	
Taipei Chinese	-6808584	-6752489	-9564438	-13107647	-18206948	-23528593	-24541912	-32987705	-19687625	-25717782	-30333751	-35643990	-33643559	0	33643559	
Singapore	-7589893	-7380678	-8323532	-12490729	-18446815	-20335134	-22436312	-36312086	-20078419	-24045577	-33583954	-39879155	-35578435	433	35578868	
Thailand	-5461717	-5326798	-6563555	-9716716	-15501544	-18545754	-18975008	-28211288	-17969923	-23056433	-31518550	-34180975	-37753329	1163529	38916858	
Spain	-9943192	-10154754	-11979487	-15909808	-22239404	-27334770	-29515457	-41099021	-22831341	-30132767	-40778913	-46232223	-45308009	51	45308060	
France	-15427447	-14720907	-18339874	-24594173	-33355010	-39870427	-42818231	-59820543	-31784401	-35217942	-51714964	-47197618	-45570424	57517	45627941	
Italy	-14772264	-14199933	-17932248	-23414922	-33206232	-39505519	-44622430	-57964624	-33570458	-45816749	-57417949	-56149432	-46052131	426451	46478582	
Netherlands	-10791482	-10102999	-12185515	-16576198	-23576278	-28645355	-29379891	-41732144	-25939730	-35789383	-45822465	-57162755	-52302006	16242901	68544907	
Germany	-19002507	-18730804	-23025297	-30655351	-43288798	-52026357	-54821831	-79097138	-43276986	-52510068	-70667430	-76183461	-74207678	76460	74284138	
Korea Republic of	-21367827	-19200265	-23081642	-29917157	-42605181	-55864936	-60305907	-85855363	-50757396	-68662186	-100805572	-108298229	-99333163	4	99333167	
Japan	-38747541	-36487123	-45921495	-55991975	-79772912	-98972140	-103830191	-155473542	-79973880	-105814226	-142101310	-153102963	-145720787	0	145720787	
India	-12865128	-14558883	-18053260	-24560656	-34776752	-47508246	-54030490	-86547075	-64897373	-88591592	-122110043	-148756998	-148046645	14	148046659	
China	-10277929	-11461138	-18120800	-32586989	-45026751	-63674923	-77320020	-126327996	-87099858	-133654860	-194864921	-218567818	-218177939	1456209	219634148	
United States of America	-79040573	-82496848	-106834220	-142863931	-189744572	-232346928	-251955105	-361069070	-198769678	-264767317	-341213501	-319456560	-274235120	4898487	279133607	
United States Minor Outlying Islands			-13912									34668				
Burkina Faso	0	0	0	-23	-7		0	-2	-1	0	-2	0				
Free Zones	472656	688990	268969		43				-33	-1386	-89	-61840				
Wallis and Futuna Islands								-2								
West Asia not elsewhere specified	-1327049	-1412047														
Serbia and Montenegro	-342724	-488388		-891191	-3737											
Tonga	0	0	-1					-439	-573	-109	-98	-16				
Turks and Caicos Islands	-32	-19	-36	-27							-444	-215				
Tuvalu		0									-5					
Seychelles	0	0	-1		4	0		0								
Somalia					-11			-1				-1				
Syrian Arab Republic	3586003	4243373	3583553	2936057	3864306	3486014	3790339	4708794	2865458	4325838	3582240	137591				
Saint Vincent and the Grenadines	0	0	0	0	0	-1	0	0	0	0	0	0				
Saint Kitts and Nevis	-118	0	0	-1	0	-1	0	0	0	0	-48					
Anguilla	0	-1	-2								4468					
Christmas Islands										-4						
Cocos (Keeling) Islands											47496					
Cook Islands					-1							-3				
Comoros	0	-1	0	0	0	-1	-4	-25	-22			62461				
Mayotte	0	0	-2	0	0	0	0	-221	0							
Dominica	0	0	0	0	0	0	-1	0	0	0	0	0				
Faroe Islands	0	-1	-3	0	0	-4	-1	5	-17							
Falkland Islands (Malvinas)					3356	4572				-1						
Ethiopia	0	-3	-8	24	-9	-4	0	-1	-18	-25	-10	-14				
Eritrea			0							-77422	-18842					
Kiribati					0		-2194	-28	0	-280	-64	0				
French South Antarctic Territories										1	-13					
Djibouti									0	-455	-2	-4				
Gambia	-89	-4	-5	-5	0	0	-1	0	0	-342	-49					
Palestine State of							-1	0	0	0	0	0				
Bhutan					-1	0	0	0	0	0	-1					
Andorra	0	-4	2	0		26	-2		-52054	-153268		-64931				
Cayman Islands	1663		7637				-19685	-163709		-264267	-269106					
Sri Lanka	-366335	-364632	-384682	-666470	-713142	-1008381	-1035891	-1318011	-844718	-751613	-1354053	-1289270				
Solomon Islands								0	0	-1	0					
British Virgin Islands	-2765264	-1852581	-2147619	-1603391	-1838746	-1154794	-530503	-152828	-188426	-238472	-398019					
Kenya	-435095	-191617	-316561	-545066	-682122	-763386	-731037	-1176239	-705693	-915116	-1423702	7473				
Lao People's Democratic Republic	-280			3910			-56	-10								
Haiti		-9984					-12398				-30					
Neutral Zone	102847															
Vanuatu						0	-11		-2	-16	-14					
Pitcairn						-13402										
Marshall Islands			19405	33316			15621									
Palau												-31				
Niue									-358	52487						
Norfolk Island			-6968						-7							
Nauru				7292												
Nepal			-26						-7	0	-5					
