List of markets for the selected product Product: 2711 Petroleum gases
"Partners"	"Balance in value in 2001"	"Balance in value in 2002"	"Balance in value in 2003"	"Balance in value in 2004"	"Balance in value in 2005"	"Balance in value in 2006"	"Balance in value in 2007"	"Balance in value in 2008"	"Balance in value in 2009"	"Balance in value in 2010"	"Balance in value in 2011"	"Balance in value in 2012"	"Balance in value in 2013"	"Exported value in 2013"	"Imported value in 2013"	
World	-4,525,469	-6,364,284	-10,365,088	-4,418,743	-1,989,089	-4,046,607	36,917	-6,568,956	-29,166,220	-11,617,269	-1,988,144	-4,665,288	-76,185,056	381,684,464	457,869,520	
Qatar	4,098,798	3,736,653	4,656,992	6,460,996	8,710,096	13,001,910	16,799,762	22,281,975	25,433,426	41,783,889	71,308,547	82,880,844	87,716,547	87,717,672	1,125	
Norway	7,612,609	8,339,127	9,970,254	12,470,728	18,166,626	25,658,020	26,212,040	43,541,819	26,845,186	29,652,716	39,944,650	47,828,790	44,870,167	44,876,213	6,046	
Algeria	8,540,787	7,829,662	10,052,229	10,992,609	17,175,470	19,162,654	19,473,011	28,989,828	17,855,228	22,461,753	25,278,480	27,001,137	25,609,751	25,676,524	66,773	
Malaysia	3,378,911	2,986,420	3,910,330	5,004,396	6,347,888	7,264,021	8,980,837	13,447,430	9,667,493	12,530,143	17,512,348	19,187,132	18,635,179	20,372,000	1,736,821	
Indonesia	5,722,051	5,577,400	6,455,167	7,741,022	9,138,836	10,167,089	9,894,547	12,899,962	8,446,570	12,806,237	21,459,023	17,438,915	15,016,242	18,129,195	3,112,953	
Australia	1,850,912	1,674,896	2,023,565	2,322,719	3,381,081	3,958,939	4,244,043	7,228,881	4,977,667	7,589,478	9,950,109	12,449,672	12,538,638	15,254,979	2,716,341	
Nigeria	245,208	647,289	-191,859			-29,819	322,092	210,973	2,892,090	4,714,154	6,475,948	8,964,241	11,419,648	11,449,540	29,892	
United Arab Emirates					1,496,378		2,492,937	-55,825	3,786,140	5,444,899	9,066,583	11,348,913	10,771,938	13,150,133	2,378,195	
Turkmenistan	1,848,135	2,071,322	2,062,398	2,587,044	3,470,838	4,004,418	4,826,348	6,032,555	862,263	1,011,749	5,380,633	8,690,930	9,001,720	9,001,745	25	
Canada	17,716,910	12,401,610	18,883,945	20,661,185	28,910,474	24,728,617	25,563,498	29,524,863	12,995,582	13,650,861	11,620,304	7,703,729	7,842,797	12,513,341	4,670,544	
Trinidad and Tobago	514,556	554,847	1,101,429	2,206,444	2,354,215	4,782,570	4,963,290	5,844,766	3,828,782	1,883,321	6,450,673	7,211,966	7,707,266	7,714,316	7,050	
Russian Federation	17,316,937	15,354,400	19,314,468	21,084,023	30,644,287	43,110,194	43,423,867	66,912,362	40,754,784	52,171,195	69,377,484	68,465,383	7,350,579	7,406,822	56,243	
Saudi Arabia	-349	-263	4,113,010	4,729,608	5,886,829	7,870,263	8,834,103	10,286,267	5,252,102	7,049,958	8,176,503	8,155,231	6,702,516	6,705,979	3,463	
Brunei Darussalam	1,513,856	1,400,154	1,593,651	1,724,610		2,214,212				4,030,587	5,654,295	6,175,943	6,016,952	6,017,272	320	
Bolivia	243,590	264,567	383,449	623,596	985,285	1,669,029	1,988,674	3,159,045	1,965,288	2,775,218	3,831,560	5,407,447	5,254,055	5,258,460	4,405	
Myanmar										2,935,901	3,069,507	3,424,547	3,765,126	3,769,688	4,562	
Equatorial Guinea	10,076	8,780	8,005	5,698	83,544	307,385	539,058	3,271,593	2,191,281	1,715,034	2,717,492	3,356,739	3,569,320	3,574,766	5,446	
Yemen				20,540	22,431	9,819	40	-15	66,189	732,418	1,254,203	555,209	3,552,674	3,552,709	35	
Kuwait	779,375	657,980	842,571	1,127,812		1,788,055	1,937,482	2,650,764	1,633,126	1,919,888	2,751,068	3,495,980	3,176,367	4,159,984	983,617	
Kazakhstan	-32,217	36,602	84,219	326,220	306,121	426,678	768,261	1,489,018	1,517,079	1,399,316	3,517,456	3,119,886	2,893,062	3,385,294	492,232	
Libya							986,875	1,305,507	585,092	4,589,575	1,301,303	3,652,178	2,798,075	2,798,158	83	
Peru	-63,196	-65,678	-107,080	-78,064	52,892	21,668	-65,301	-109,298	141,719	521,637	1,486,781	1,436,465	2,074,232	2,074,994	762	
Uzbekistan	303,821	120,571	207,776	262,306	539,509	735,049	800,381	2,319,612	1,835,287	292,601	768,590	251,450	1,149,246	1,149,283	37	
Angola	27,213	9,007	1,643	-4,068	79,431	256,034	357,566	385,232	271,852	317,265	353,465	409,036	576,927	577,495	568	
Colombia	19,301	11,157	15,941	9,558	15,390	21,299	21,318	151,321	261,907	161,788	313,971	460,907	455,813	457,722	1,909	
Iran (Islamic Republic of)	424,373	303,490	363,709	393,122	720,827	1,536,604				3,149,920	5,517,114	2,391,429	431,938	443,168	11,230	
Azerbaijan	-171,802	-213,027	-214,421	-250,791	-273,944	-455,507	-25,755	92,436	131,384	303,498	586,837	661,427	345,557	345,617	60	
Congo							37,255	112,607	93,111	142,913	211,516	73,326	208,658	209,225	567	
Bahrain	-66	-8	-146	-91	-27	-153	-34	-182	-10	-12	-193	363,136	77,827	77,863	36	
Honduras	-49,718	-15,084	-21,305	-27,500	-37,957	-57,418	59,555	233,205	63,887	189,962	68,041	125,557	77,288	145,714	68,426	
Oman	1,175,368	1,138,430	-1,791,329	1,649,172	2,311,329	3,362,011	3,661,330	4,668,976	2,423,645	2,325,434	2,292,080	4,215,126	64,737	70,522	5,785	
Guinea	-208	-217		-215	-431	-369	-372	-392		-456	-258	-356	50,537	51,026	489	
Austria	-41,902	-34,953	-1,146,648	-1,220,383	-1,802,939	-2,371,822	-1,601,289	-2,490,485	-47,698	602	22,626	37,874	24,526	27,097	2,571	
New Zealand	15,302	12,181	1,165	-512	-3,305	-22,795	-55,607	-87,864	-55,130	-5,023	6,488	6,876	21,394	25,823	4,429	
Niger	-669	-618	-679	-844	-1,021	-1,413	-1,563	-2,220	-1,790	-3,107	-4,074	6,662	19,391	19,549	158	
Panama	-5,958	-35,637	-46,932		-72,570	-39,333	-35,271	-48,602	-24,519	-21,313	-35,134	-20,843	13,064	343,764	330,700	
Timor-Leste				-224	-174	23,636	21,254	137,945	82,648	18,127	49,645	29,785	5,497	6,359	862	
Liberia	1,709	-4	2,888	-57	-460	-455	-725	2,520	-402	-469	-1,126	-318	5,308	5,504	196	
Zambia	-124	222	550	988	598	1,481	1,921	3,550	3,571	3,544	6,946	43,751	4,777	6,305	1,528	
Netherland Antilles					0	0	0	0	4,782	-6,786	15,183	-167	4,012	4,408	396	
Iraq	17,952	22,204	-98,635	-195,973	-421,284	-52,571	-276	3,054	-3	-45	-57,260	2,656	3,783	4,026	243	
Central African Republic	-70	-58	-22			0	-47	-17	0	-1	0	0	0			
Palestine, State of							-100,853	-123,577	-75,287	-219,840	-196,729	-154,951	-1	0	1	
Saint Vincent and the Grenadines	-1,891	-1,898	-2,113	-2,836	-3,309	-3,378	-4,083	-7,878	-7,089	-4,914	-7,605	-5,771	-1	0	1	
Pitcairn		-360		-265		-3	-8	-8	-3	-677			-2	0	2	
Saint Lucia	-2,385	-3,292	-3,807	-3,912	-5,315	-4,851	-7,874	-11,872	-2,075	-4,214	-19	257	-3	0	3	
French South Antarctic Territories	-29	-388	-613	-842	14,664	-2,147	-14		-1	-67	-3	-9	-3	0	3	
Grenada	-2,405	-2,053	-2,560	-2,574	-2,355	-657	-2,477	-2,387	-1,629	-2,553	-14	-3	-4	0	4	
Antigua and Barbuda					-3,985		-763		-8	-4	-12	0	-5	0	5	
Seychelles	-77	-471	-992		-1,939	-2,118		-1,249	-1	-6	-7	-40	-9	0	9	
Sudan (North + South)	21,881	17,904	29,412	12,288	-1,339	4,297		1,253	-115	-33,558	-88,549	-28,020	-10	0	10	
Norfolk Island				-1		-527	-45	-3	-10			-181	-12	0	12	
Tokelau	-16	-4	-2		-16	-1	-27						-19	0	19	
Wallis and Futuna Islands	-58	-48	-30	-50	-922	-55	-96	-1,255	-528	-1,016	-83		-25	0	25	
Cocos (Keeling) Islands		-7	-13	-16	-9	-15	-17	-28	-19,356	-22	-11	-52	-29	0	29	
Ethiopia	-497	-738	-526	-598	-2,023	-2,027	-3,374	-7,086	-4,261	-6,580	-10,446	-10,304	-35	0	35	
Kiribati					-155		-272	-269	-179	-177	-254	-282	-36	0	36	
Chad	-66	-13	26	13	-49	5	-32	-24	-1,832	-2,092	-45	-46	-67	0	67	
St. Pierre and Miquelon	-56	-45	-59	-53	-13		-1	-12	-40	-8	-68	-140	-86	0	86	
Christmas Islands		-25	-22	-43	-53	-43	-64	-41	-43	-78	-107	-138	-87	0	87	
Cuba	-28,597	-27,600	-25,717	-51,423	-68,680	0	-18	-3	-111	-6	-82	-6	-115	0	115	
Saint Helena	-33	-48	-42	-54	-124	-118	-118	-139	-77	-206	-102	-152	-123	0	123	
Nauru	-32	-14		496	-5	-2		-25	-14	-7	-49	-51	-126	0	126	
Venezuela	53	198	148	60	-132	-148		-365	-332	-49	-6	-19	-140	0	140	
Djibouti									-20	-8		-415	-159	0	159	
Suriname	-6,053			-6,219	-8,393	-9,101	-9,741		-8,159	-8,123	-12,018	-41	-164	0	164	
Sao Tome and Principe	-4	-12	-15	-29	-66	-70	-66	-105	-138	-128	-182	-204	-173	0	173	
Niue				-8	-12	-19	-11	-65	-66,667	-1,261	-561	-71	-174	0	174	
Bhutan					-1,700	-1,930	-2,358	-2,661	-2,503	-3,170	-3,920	-34	-178	0	178	
Falkland Islands (Malvinas)	-4	-13	-2	-28	-35	-82	-107	-95	-392	-113	-48	-159	-195	0	195	
Democratic Republic of the Congo	-59	-323	4,517	368	28	3,691	2,278	1,859	1,696	40,633	35,542	19,724	-218	0	218	
Mayotte	-584	-673	-873	-912	-1,378	-1,550	-1,965	-3,481	-2,136	-246	-311	-362	-272	4	276	
Sierra Leone		-244	-203	-68	-62	-67	-41	-53	-99	-210	-464	-327	-323	0	323	
Micronesia (Federated States of)	-5	-14	-1				-15			-28	-52	-218	-337	0	337	
Palau												-1,142	-378	0	378	
Lao People's Democratic Republic	-549	-675	-982	4,278	-5,024	-2,788	-1,863	-1,161	-1,833	-1,755	-1,057	-850	-381	0	381	
Cook Islands					-523	-204	-2,203	-2,813	-1,149	-2,324	-1,458	-265	-400	0	400	
Kenya	-5,421	-4,248	-4,863	-1,914	-4,612	-15,993	-23,701	-25,743	-27,194	-40,274	-54,220	-44,015	-404	5,996	6,400	
Marshall Islands	-84	-95	-127	-143	-125	-207	-190	525	-19	853	-447	-645	-485	120	605	
Anguilla	-607	-576	-690	-250	-573	-918	-976	-1,512	-571	-968	-625	-585	-538	0	538	
Burundi	-38	-71	-57	-74	-157	-137	-166	-190	-135	-319	-420	-556	-562	0	562	
Comoros	-106	-6	-25	-27	-46	-45	-104	-163	-170	-410	-566	-446	-624	0	624	
Montserrat	-281	-385	-375	-386	-401	-468	-444	-739	-451			-678	-663	0	663	
Greenland	-49	-545	-674	-845	-833	-620	-778	-591	-316	-202	-511	-612	-687	0	687	
British Virgin Islands	-686	-2,411	-865	-840	-9,940	-952	-21,575	-8,934	-110,268	-177,883	-5,597	-526	-906	0	906	
Solomon Islands								-1,215	-12	-747	-691	-1,597	-1,070	0	1,070	
Malawi	-205	-1,804	-221	529	-341	-427	-633	-774	-633	-1,048	-1,063	-1,358	-1,212	0	1,212	
Gambia	-486	-361	-406	-440	-409	-419	-570	-743	-50	-7	-3	-5,157	-1,251	0	1,251	
Mali	-1,160	-1,280	-2,135	-2,851	-3,895	-4,885	-6,563	-8,749		-9,907	-15,382	-15,144	-1,309	0	1,309	
Free Zones	4,312	18,576	18,995	107	25,952	-6,113	-5,815	-11,540	-13,184	-2,160	-2,164	-3,125	-1,319	0	1,319	
Aruba					0				-90	-166	-344	-49	-1,323	131,315	132,638	
Haiti	-1,239	-2,111	-7,473	-3,793	-1,066	-5,484	-9,815	-8,793	-1,553	-5,403	-5,295	-2,024	-1,633	0	1,633	
Turks and Caicos Islands	-411	-401	-541	-501							-2,280	-1,900	-1,696	0	1,696	
Samoa	-339	-385	-530	-617	-753	-828	-817	-2,132	-1,077	-1,556	-1,912	-1,885	-2,015	24	2,039	
Rwanda	-152	-109	-158	-200	-317	-419	-446	-919	-882	-982	-1,489	-2,193	-2,250	175	2,425	
Andorra	-1,132	-1,237	-1,586	-1,841	-1,722	-1,992	-2,366	-1,004	-33,410	-1,114	-2,874	-2,477	-2,331	14	2,345	
Bermuda												-1,615	-3,040	0	3,040	
Iceland	-1,109	-823	-1,166	-1,131	-1,564	-1,172	-2,890	-4,642	-2,549	-3,546	-3,453	-3,118	-3,271	0	3,271	
Vanuatu						-1,499	-1,592		-2,245	-1,962	-2,574	-1,606	-3,605	0	3,605	
Swaziland	-1,398	-1,508	-4,459	-4,288	-3,950	-2,891	-3,167		-3,174	1,820	9,035	15,034	-4,728	0	4,728	
Korea, Democratic People's Republic of	1,980	-142	-3,628	1,643	1,165	-21,249	2,000	1,531	-17,511	-59,041	770	-54,329	-5,299	1,961	7,260	
Burkina Faso	-3,511	-3,743	-4,721	-6,904	-9,471		-15,995	-26,048	-18,702	-20,998	-31,003	-51,987	-6,055	2	6,057	
Fiji		-4,996	-5,621	-7,977	-8,253	-10,574	-15,474	-19,151	-13,496	-20,914	-22,197	-24,724	-6,465	10	6,475	
Namibia	-1,398	-8,052	-2,307	-1,855	-2,098	-1,918	-4,488	-5,911	-4,014	-5,321	-5,920	-5,737	-8,532	327	8,859	
United States Minor Outlying Islands	-1,656	-1,277	-853	-594	-1,852	-4,948	-3,415	-9,207	-2,680	-6,266	-8,376	-8,764	-8,724	781	9,505	
Benin	-1,554	-1,472	-1,796	-2,593	-3,554	-4,259	-5,801	-5,023	-6,815	-9,441	-10,386	-5,143	-8,881	2,431	11,312	
Afghanistan								-25,405	-23,359	-41,523	-82,130	0	-9,599	0	9,599	
Luxembourg	-6,546	-5,040	-4,527	-4,934	-5,619	-9,352	-17,020	-14,868	-6,647	-9,091	-9,028	-9,978	-9,879	1,235	11,114	
Barbados	-5,217	-3,765	-6,063	-8,799	-5,905	-16,831	-10,585	-11,504	-7,492	-8,654	-10,324	-9,922	-9,900	1	9,901	
Zimbabwe	-3,465	-4,834		-3,843	-1,061	-3,294	-3,624	-2,139	-2,941	-5,673	-7,594	-8,039	-10,153	117	10,270	
Cabo Verde	-402	-16	-10,671	-5,372	-4,489	-3,007	-11,803		-8,462	-10,260	-11,908	-12,244	-11,002	0	11,002	
Papua New Guinea	-3,182	-3,866	-3,329	-1,926							-10,376	-14,066	-11,744	432	12,176	
Cambodia	-5,429	-6,573	-8,326	-7,844	-9,031	-11,267	-14,958	-14,360	-17,862	-16,678	-16,365	-39,765	-11,930	0	11,930	
Togo	-556	-649	-611	-1,026	-1,414		-2,493	-3,880	-1,969	-4,001	-8,153	-10,771	-11,953	0	11,953	
Lesotho	-3,366	-5,622	-8,914					-18,914	-31,928	-37,528			-12,683	131	12,814	
Egypt	-182,937	-269,107	-253,307	-366,725	829,830	1,924,711	1,757,020	2,475,402	1,126,951	460,419	-25,447	-51,018	-13,783	1,559,696	1,573,479	
Belize	-5,173	-4,260	-5,614	-6,950	-8,558	-9,951	-11,744	-14,502	-8,727	-10,240	-12,514	-13,108	-13,909	0	13,909	
Denmark	16,708	19,596	18,155	14,381	16,642	37,574	45,409	41,731	37,851	-54,579	-324,429	-61,266	-14,216	0	14,216	
Uganda	-1,006	-1,018	-1,426	-1,919	-2,619	-6,429	-6,151	-6,605	-7,116	-8,844	-12,550	-12,967	-14,238	107	14,345	
Botswana	-16,095	-93,296	-23,217	-9,509	-18,678	-14,427	-17,072	-22,176	-31,245	-22,002	-17,830	-18,570	-14,709	82	14,791	
Ship stores and bunkers	-208	-13	-5,057	-448	-104	403,276	590,516	1,157,429	1,492,194	1,482,488	-2,199	-6,859	-15,085	0	15,085	
French Polynesia	-6,652	-5,031	-6,045	-7,127	-7,155	-8,598	-9,165	-13,325	-10,612	-10,399	-12,731	-14,116	-15,098	1	15,099	
Gabon	-5,126	-862	-2,607	-5,453	-6,245	-5,722	-12,644	-3,489	-13,769	-712	-9,818	-3,057	-15,674	134	15,808	
Montenegro						-10,787	-14,756	-20,730	-11,772	-16,998	-19,525	-17,572	-16,171	60	16,231	
Madagascar	-1,066	-1,517	-1,081	-3,327	-3,444	-5,314	-4,179	-6,854	-5,992	-5,068	-9,221	-10,749	-16,355	626	16,981	
Malta	-6,109	-4,977	-5,849	-6,206	-11,486	-10,934	-13,326	-19,488	-9,463	-9,318	-23,136	-26,790	-16,788	44	16,832	
Mongolia	-67		-174	-412	-1,170	-2,509	-3,701						-16,854	0	16,854	
Guyana	-5,035	-4,555	-4,382	-32	-8,280	-9,013	-9,942	-36,324	-20,564	-28,088	-17,426	-19,973	-17,939	0	17,939	
New Caledonia	-3,788	-3,773	-2,816	-4,401	-5,431	-6,156	-5,799	-9,436	-6,978	-7,580	-11,443	-13,234	-21,023	3	21,026	
Jamaica	-16,839	-16,141	-26,915	-28,755	-39,597	-39,461	-53,526	-60,351	-39,538	-54,968	-67,423	-69,577	-25,678	2	25,680	
Cameroon	-1,368	-3,786	-6,066	-4,307	-5,831	-14,541	-15,041	-24,268	-20,343	-34,328	-39,732	-59,243	-31,501	68	31,569	
Macao, China	-20,798	-19,263	-19,590	-20,837	-22,005	-27,513	-29,481	-58,593	-60,017	-36,088		-50,903	-31,570	0	31,570	
Bangladesh	-2,883	-4,331	-7,243	-8,185	-5,829	-7,704	-9,674	-17,454	-76,455	-21,493	-42,399	-48,770	-35,403	0	35,403	
Côte d'Ivoire	1,436	1,008	-487	-1,631	-2,773	-6,227	-9,720	-6,173	-25,015	-48,697	-72,323	-102,238	-35,605	1	35,606	
Syrian Arab Republic	-69,429	-32,399	-260	-35,013	-25,103	-127,030	-264,843	-322,619	-265,948	-339,508	49,600	-23,290	-37,721	0	37,721	
Sri Lanka	-40,676	-39,989	-48,969	-59,255	-72,444	-85,815	-107,778	-130,263	-73,158	-128,784	-171,282	-218,812	-42,611	3	42,614	
Cayman Islands		-34		-48,436	-62,491	-1,260	-2,157	-3,388	-12,070	-1,028	-13,119	-846	-46,082	0	46,082	
Cyprus	-6,694	-6,625	-11,005	-18,403	-21,103	-33,806	-37,322	-47,189	-31,503	-43,700	-55,635	-56,105	-50,342	3	50,345	
Mauritania	-6,525	-3,327	-6,153	-5,661	-8,919		-22,498	-26,553	-15,584	-25,342	-51,536	-47,815	-51,607	3	51,610	
Kyrgyzstan	-34,082	-42,662	-31,788	-34,302	-32,596	-43,674	-78,716	-110,677	-71,551	-62,633	-74,627	-84,915	-54,605	0	54,605	
Republic of Moldova	-101,258	-100,739	-102,631	-113,240	-134,015	-218,009	-256,781	-333,477	-325,251	-338,677	-66,497	-58,439	-57,933	8,435	66,368	
Maldives	-4,266	-5,427	-4,988	-11,062	-14,922	-19,760	-24,492	-34,799	-26,233	-34,371	-42,919	-49,737	-58,480	0	58,480	
Ghana	-20,169		249		-879	1,291	1,402	302	955	3,411	4,330,612	621,212	-60,893	6,512	67,405	
Nicaragua	-10,164	-10,507	-14,519	-18,156	-22,899	-23,789	-32,900	-41,000	-29,648	-42,935	-54,428	-2,988	-60,895	1,043	61,938	
Albania	-9,641	-11,607	-15,690	-20,804	-34,421	-39,975	-47,400	-70,176	-40,932	-60,905	-73,558	-70,769	-65,078	2,076	67,154	
Paraguay	-24,057	-17,746	-22,292	-28,925	-36,971	-44,306	-51,029	-69,235	-48,028	-66,465	-69,238	-52,397	-67,664	2,061	69,725	
Mauritius	-17,698	-17,470	-17,996	-21,846	-34,792	-37,624	-45,520	-63,791	-41,528	-52,932	-65,725	-74,294	-67,775	281	68,056	
Uruguay	-13,396	-14,768	-15,566	-7,321	-9,082	-24,705	-48,625	-47,816	-37,444	-71,599	-108,441	-73,322	-76,662	0	76,662	
Bahamas	-9,148	-7,301	-8,885	-10,697	-15,407	-16,765	-18,939	-24,525	-15,500	-18,200	-20,340	-20,323	-86,193	269	86,462	
Pakistan			-6,948	-20,328	-18,149	-24,846	-27,962	-15,841	-46,653	-54,095	-47,083	-54,682	-86,557	0	86,557	
Senegal	-39,557	-40,591	-44,211	-49,405	-67,935	-81,025	-85,454	-111,357	-70,384	-87,906	-102,606	-88,578	-96,366	1,546	97,912	
Costa Rica	-22,493	-21,432	-30,727	-41,008	-39,776	-57,984	-72,684	-78,170	-52,639	-71,689	-99,306	-100,462	-102,272	14	102,286	
Macedonia, The Former Yugoslav Republic of	-16,116	-16,542	-16,043	-18,436	-25,047	-36,530	-54,542		-51,077	-71,249	-96,292	-115,418	-105,013	5,108	110,121	
Tajikistan	-28	-64	-35	-227		-1,916	-6,442	-8,678	-7,971	-14,074	-52,986	-147,538	-119,449	0	119,449	
Mozambique	-5,605	-14,655	-6,766	26,654	90,599	102,512	90,972	-25,310	61,355	116,595	142,320	228,940	-124,907	445,408	570,315	
Tanzania, United Republic of	-1,274	-1,059	-3,440	-6,313	-3,025	-1,094	364	3,986	2,825	56,074	7,233	-74,673	-126,120	837	126,957	
Bosnia and Herzegovina			-32,907	-48,725	-103,835	-124,863	-133,190	-194,255	-125,105	-134,222	-187,897	-201,727	-157,684	388	158,072	
El Salvador	-45,161	-38,271	-49,122	-32,553	-129,275	-120,618	-134,582	-183,250	-123,323	-183,610	-187,994	-148,852	-171,256	472	171,728	
Lebanon	-43,650	-43,840	-54,244	-66,399	-74,440	-82,591	-101,004	-123,752	-102,134	-133,398	-175,544	-207,199	-188,413	37,683	226,096	
Finland	-516,072	-456,838	-662,387	-689,512	-808,405	-1,039,907	-1,096,934	-1,783,215	-1,242,329	-1,507,024	-1,743,751	-237,923	-198,670	45,298	243,968	
Nepal			-21,976						-98,156	-148,347	-202,303	-220,206	-210,567	9	210,576	
Guatemala	-67,657	-61,240	-84,027	-97,221	-138,782	-155,112	-171,036	-200,259	-120,472	-176,337	-217,818	-182,146	-222,108	75,288	297,396	
South Africa	14,529	7,973	9,627	8,423	11,272	9,067	-120,935	-174,119	-120,592	-151,712	-222,968	-232,490	-257,827	62,262	320,089	
Georgia	-47,398	-50,604	-62,497	-75,968	-89,996	-212,506	-293,868	-204,660	-151,931	-133,645	-236,633	-252,668	-300,908	0	300,908	
Gibraltar	-3,346	-4,958	-2,412	-1,303	-882	-1,696	-2,541	-9,867	-921	-25,536	-4,031	-106,416	-310,055	0	310,055	
Estonia	-46,920	-50,760	-70,347	-80,305	-100,795	-111,305	-233,358	-314,874	-226,178	-217,934	-254,770	-265,432	-321,750	4,904	326,654	
Viet Nam	-32,906	-54,085	-93,942	-149,065	-206,473	-268,848	-416,695	-539,233	-423,065	-534,365	-658,836	-609,803	-420,950	32,432	453,382	
Romania	-331,208	-389,838	-793,817	-741,695	-1,081,884	-1,655,909	-1,394,015	-1,894,262	-567,676	-713,658	-1,239,602	-1,182,870	-450,421	263,635	714,056	
Croatia	-87,218	-56,332	-77,714	-53,428	-65,460	2,089	11,968	-146,305	-74,621	-44,160	-176,467	-471,296	-463,451	294,014	757,465	
Jordan	-40,122	-44,853	-58,641	-150,805		-282,663	-381,847	-437,468	-540,019	-475,792	-354,283	-426,785	-464,318	1	464,319	
Slovenia	-176,373	-145,549	-191,797	-217,825	-291,883	-372,527	-403,683	-536,278	-416,692	-510,692	-569,852	-557,380	-472,270	47,551	519,821	
Israel	-15,844	-24,623	-40,631	-33,338	-79,652	-100,765	-162,332	-213,004	-347,568	-508,983	-345,518	-298,771	-528,623	3,478	532,101	
Armenia	-85,577	-63,720	-70,586	-77,913	-96,237	-159,657	-227,847	-248,676	-229,934	-325,083	-397,918	-507,785	-565,287	10,340	575,627	
Ecuador	-161,549	-157,519	-213,961	-278,066	-358,446	-483,567	-624,199	-666,609	-403,213	-575,357	-858,551	-644,451	-657,805	0	657,805	
Latvia	-109,255	-108,465	-151,391	-150,776	-176,766	-248,723	-325,156	-614,126	-511,256	-487,848	-562,515	-650,383	-682,397	72,744	755,141	
Philippines	-174,211	-171,307	-229,562	-281,887	-305,152	-347,277	-617,768	-627,318	-504,992	-502,677	-535,636	-671,956	-716,991	48,518	765,509	
Sweden	-246,877	-217,436	-230,983	-442,706	-461,759	-672,502	-844,715	-1,299,891	-654,239	-988,367	-1,307,153	-658,224	-857,095	316,674	1,173,769	
Dominican Republic	-141,264	385	686	-191	-373	-375	-528	-718	-504,380	-625,377	-796,067	-836,361	-884,547	1,626	886,173	
Serbia					-416,912	-661,229	-789,655	-1,151,886	-759,819	-937,744	-1,161,940	-1,077,749	-889,749	33,016	922,765	
Poland	-1,307,541	-1,160,204	-1,648,567	-2,077,682	-2,753,826	-1,126,504	-1,336,634	-1,606,961	-913,192	-1,236,884	-1,563,489	-1,443,322	-1,262,194	235,889	1,498,083	
Bulgaria	0	0	0	0	-138,229	-169,640	-911,117	-1,426,373	-866,194	-994,940	-1,293,796	-1,387,791	-1,265,699	17,241	1,282,940	
Tunisia	-125,860	-132,845	-181,819	-148,187	-264,656	-353,438	-448,946	-844,586	-486,921	-615,502	-791,105	-1,223,006	-1,268,153	43,861	1,312,014	
Lithuania	-151,357	-156,659	-193,901	-175,640	-188,180	-323,098	-671,668	-1,162,162	-759,951	-944,995	-1,402,586	-1,516,935	-1,269,353	123,024	1,392,377	
Hong Kong, China	-356,315	-382,842	-309,030	-388,232	-434,459	-569,353	-656,115	-881,386	-740,219	-1,144,574	-1,120,896	-1,231,100	-1,362,540	2,018	1,364,558	
Chile	-463,758	-422,073	-503,040	-625,368	-772,715	-834,480	-1,071,458	-1,245,089	-1,062,725	-1,712,410	-2,385,957	-2,248,273	-1,702,825	35,219	1,738,044	
Greece	-194,618	-199,033	-299,325	-353,143	-530,066	-830,944	-1,048,106	-1,761,720	-989,498	-1,121,096	-1,689,826	-1,887,417	-1,741,833	152,479	1,894,312	
Switzerland	-519,556	-502,533	-618,199	-730,104	-809,579	-1,135,666	-1,218,115	-1,518,193	-1,389,486	-1,296,789	-1,562,520	-1,892,845	-1,817,058	45,718	1,862,776	
Ireland	-298,356	-224,324	-237,738	-311,364	-563,819	-794,667	-1,413,162	-2,016,309	-1,253,875	-1,477,300	-1,829,663	-1,988,758	-2,068,966	24,708	2,093,674	
Portugal	-555,212	-531,954	-678,598	-842,151	-1,205,444	-1,332,926	-1,445,707	-1,766,132	-1,523,680	-1,596,302	-2,060,648	-1,993,009	-2,103,159	340,434	2,443,593	
Morocco	-231,636	-261,901	-365,599	-440,229	-652,723	-861,325	-1,171,363	-1,611,492	-1,266,856	-1,671,262	-1,995,439	-2,338,831	-2,296,576	0	2,296,576	
Turkey	-934,190	-967,651	-838,332	-909,482	-1,141,406	-1,484,315	-1,726,847	-2,090,989	-1,438,486	-2,211,631	-2,743,983	-2,629,814	-2,467,293	267,191	2,734,484	
United States of America	-17,643,081	-12,354,901	-21,839,196	-24,206,844	-33,717,964	-31,054,949	-28,843,133	-30,475,280	-13,110,886	-12,796,296	-9,289,512	-3,788,338	-2,556,857	12,549,983	15,106,840	
Slovakia	-953,364	-828,238	-1,009,402	-1,042,339	-1,363,186	-1,961,460	-1,596,650	-2,654,496	-2,108,382	-2,290,042	-2,696,351	-2,586,638	-2,783,284	714,717	3,498,001	
Belarus	-567,504	-553,876	-694,343	-897,332	-865,028	-875,667	-1,958,511	-2,495,666	-2,561,028	-3,979,098	-5,172,791	-3,235,336	-3,153,430	358,472	3,511,902	
Hungary	-1,268,808	-1,218,206	-1,704,988	-1,760,109	-2,464,597	-3,327,029	-3,026,060	-5,204,994	-2,841,651	-3,150,911	-3,368,665	-3,134,802	-3,266,938	617,121	3,884,059	
Czech Republic	-1,205,537	-2,101,839	-1,298,750	-936,315	-17,778	-2,165,827	-2,229,292	-4,244,002	-2,701,031	-3,297,035	-3,376,779	-3,129,453	-3,524,113	711,843	4,235,956	
Netherlands	-1,986,744	-2,213,369	-2,624,176	-2,161,332	-3,403,020	-6,858,265	-610,768	56,857	-40,141	-12,896	-2,609,193	-437,850	-3,634,020	1,497,967	5,131,987	
Argentina	617,026	616,615	866,122	1,025,618	1,063,444	1,264,653	1,134,949	1,079,542	674,252	243,806	-1,370,218	-3,098,297	-4,266,598	707,679	4,974,277	
Mexico	-1,492,863	-1,557,941	-2,708,687	-3,415,659	-3,712,906	-3,686,036	-4,042,501	-6,152,701	-2,717,929	-3,726,985	-4,707,641	-3,847,684	-5,561,703	6,915	5,568,618	
Singapore	260,891	233,491	360,949	420,449	404,613	468,453	511,997	459,463	264,240	206,548	-4,647,085	-5,727,228	-6,278,075	256,126	6,534,201	
Thailand	-462,101	-564,614	-479,896	-766,330	-1,094,633	-1,723,116	-1,910,940	-3,513,161	-3,020,006	-3,750,032	-4,928,472	-5,586,259	-6,769,190	121,479	6,890,669	
Brazil	-763,620	-718,102	-718,843	-968,736	-1,006,523	-1,741,554	-2,083,326	-3,705,126	-2,350,011	-4,035,315	-4,535,804	-5,804,373	-7,928,431	69,515	7,997,946	
United Kingdom	1,715,729	1,881,050	2,425,296	1,119,861	-756,093	-1,411,218	-2,969,497	-6,682,865	-4,420,590	-5,736,594	-8,024,934	-6,588,181	-8,404,104	5,109,797	13,513,901	
Belgium	-2,675,473	-1,918,276	-1,596,064	-2,932,412	-5,495,458	-6,234,420	-5,357,086	-8,416,542	-5,279,132	-5,640,108	-7,071,003	-7,519,594	-8,797,521	11,991,206	20,788,727	
Taipei, Chinese	-1,363,799	-1,376,081	-1,615,419	-2,418,921	-2,963,253	-4,158,903	-4,825,288	-7,444,167	-4,591,407	-6,362,566	-9,322,572	-10,315,612	-10,829,088	124,857	10,953,945	
Ukraine	-3,186,402	-3,370,610	-2,685,301	-3,154,626	-3,462,377	-4,717,784	-6,460,256	-9,432,559	-7,999,338	-9,502,634	-14,189,179	-14,208,912	-11,821,601	355	11,821,956	
Spain	-3,090,209	-2,871,031	-3,477,035	-4,080,965	-6,717,587	-9,762,817	-10,433,645	-16,695,450	-10,632,072	-10,911,393	-13,465,331	-13,420,342	-12,258,501	2,010,010	14,268,511	
India	-202,571	-167,234	-493,741	-1,162,498	-2,023,029	-2,612,577	-3,750,836	-5,554,269	-4,027,815	-5,295,231	-10,829,791	-13,786,217	-13,955,182	317,519	14,272,701	
France	-5,541,606	-5,314,996	-6,718,815	-7,977,806	-9,541,638	-12,518,153	-12,763,108	-20,407,705	-15,102,745	-15,915,773	-19,899,901	-20,137,344	-21,279,917	3,482,317	24,762,234	
China	-1,160,301	-1,330,319	-1,820,671	-2,213,650	-2,603,944	-2,693,067	-2,539,433	-1,893,657	-2,438,603	-4,879,695	-11,670,274	-18,162,689	-22,443,389	2,212,763	24,656,152	
Italy	-352,979	-356,948	-379,123	-403,335	-452,268	-609,601	-485,893	-28,111	-24,279,820	-26,510,311	-30,679,346	-32,725,520	-28,187,142	486,266	28,673,408	
Korea, Republic of	-5,120,531	-5,329,252	-6,366,455	-8,108,913	-10,669,966	-14,569,200	-15,885,135	-24,756,865	-17,025,590	-21,586,669	-29,921,276	-33,488,265	-36,017,831	302,914	36,320,745	
Germany	-8,845,431	-9,358,043	-13,347,419	-13,170,281	-18,056,479	-27,225,096	-25,766,406	-37,944,943	-30,290,431	-27,811,427	-35,832,023	-38,946,018	-37,931,205	14,486,841	52,418,046	
Japan	-17,489,286	-15,697,582	-19,308,969	-20,399,250	-24,114,858	-30,839,933	-35,039,508	-56,475,214	-36,556,710	-48,449,220	-71,072,702	-87,873,671	-83,130,441	199,934	83,330,375	
Dominica	-1,151	-1,154	-879	-1,466	-2,009	-1,688	-1,869	-2,536	-2,038	-2,517	-3,164	-2,742				
Eritrea			-15	-979	-2,864	-431			-7,709	-19,954						
Faroe Islands	-107	-117	-167	-198	-239	-245	-285	-326	-310			-4				
Saint Kitts and Nevis	-1,839	-923	-1,124	-2,713	-1,210	-2,569	-1,770	-3,397	-1,769	-759	-426	-7				
Guinea-Bissau			-550	-3	-25		-73		-138	-161	349					
Northern Mariana Islands	-4		-122	-4	-1,521					-39						
Somalia				-2	1,080	-2	-2	18	-5	-74	-6					
Tonga	0	0	0					-1,091	-1,292	-1,735	-2,074	-1,996				
Tuvalu		-28		-1	-15	-2	-57	-16		-102	-108	-226				
West Asia not elsewhere specified		-11														
Serbia and Montenegro	-173,563	-189,748		-354,741	-55,445											
