List of markets for the selected product Product: 1005 Maize (corn)
"Partners"	"Balance in value in 2001"	"Balance in value in 2002"	"Balance in value in 2003"	"Balance in value in 2004"	"Balance in value in 2005"	"Balance in value in 2006"	"Balance in value in 2007"	"Balance in value in 2008"	"Balance in value in 2009"	"Balance in value in 2010"	"Balance in value in 2011"	"Balance in value in 2012"	"Balance in value in 2013"	"Exported value in 2013"	"Imported value in 2013"	
World	-1264818	-1161375	-1605560	-2750932	-2201270	-1882828	-3864208	-4566407	-2529248	-2398424	-2106735	-2897043	-3369634	34942225	38311859	
Brazil	435285	232841	304553	562880	62179	401087	1785823	1255656	1139724	2138978	2575047	5212110	6147799	6307631	159832	
Argentina	980760	919374	1230472	1189258	1361753	1256396	2236012	3506446	1599005	3120523	4495077	4804701	5835481	5848042	12561	
United States of America	4619256	4980369	4802412	5997216	4896667	7090935	9764906	13457070	8770290	9766521	13551706	8690328	5189339	6882884	1693545	
Ukraine	35403	39748	93057	145323	242367	145394	121308	566496	950078	676575	1815737	3688762	3578192	3833302	255110	
France	950638	1132956	1188401	1239428	1346453	1176056	1179663	2051209	1520383	1585183	2276737	2124507	2311873	2643615	331742	
India	14214	17911	29406	188674	73270	103713	311233	919664	526506	522831	1077683	1130785	1246694	1258528	11834	
Romania	-48143	16269	-23792	-14425	43005	35483	-70394	-4264	168752	401061	637182	525414	816830	977432	160602	
South Africa	65473	29675	72194	39704	250814	30130	-175130	503340	428470	294005	777354	325813	753001	764873	11872	
Hungary	150281	197250	194067	227401	271601	377806	1068495	911387	778182	825118	1131238	1216248	686240	793587	107347	
Bulgaria	-9240	-2720	12965	-7541	48503	24481	-37786	-44123	62953	126621	216883	162048	444160	494466	50306	
Russian Federation	-26616	-46793	-28989	-72825	-30031	-59006	-53512	-152119	127839	-18519	50775	473520	429359	590059	160700	
Paraguay	38651	19596	70568	16089	32526	148916	242680	115142	209743	201118	290391	484883	385514	463750	78236	
Canada	-294125	-388039	-341457	-193839	-190090	-197486	-332109	-350526	-295473	-89169	17716	-22229	269977	578717	308740	
Serbia					101216	176648	82165	122948	280138	330918	444199	554514	188581	210006	21425	
Thailand	51726	24177	32766	129292	18219	51330	83717	164978	200633	85521	133073	54654	155072	194955	39883	
Zambia	154	-25417	-29851	41128	8150	-22415	58765	49505	907	32696	189419	417319	146811	153167	6356	
Poland	-46825	-32789	-40864	-88477	-685	-23531	-123469	-248250	-43114	-60742	-78692	123320	120043	262001	141958	
Slovakia	-23566	3694	17682	13434	10232	71889	25724	3790	66339	6996	86785	97331	69481	132473	62992	
Australia	7084	7297	-2306	4112	2736	1965	1966	10517	4432	3024	15366	33510	43368	44987	1619	
Lao People's Democratic Republic	56	-1392	455	2410	3112	9339	8959	14406	28397	30960	31385	33813	39702	41506	1804	
Chile	-74407	-70788	-59450	-68604	-69185	-156154	-256373	-248744	38812	19636	-62759	-31893	39247	343362	304115	
Czech Republic	-7444	-9769	-2791	-9650	-3356	25806	12834	29450	53125	20123	68092	72206	37993	100210	62217	
Uganda	11373	-3536	-8772	-3501	5589	11594	12309	4263	15360	26225	15938	41246	26081	26749	668	
Uruguay	-4883	-1166	-5611	-9632	-11970	-26789	458	-37477	-23493	23810	-27298	30773	24276	71063	46787	
Republic of Moldova	7697	15175	16131	14843	22611	10973	1787	-1215	11213	13185	36582	8511	22290	28080	5790	
New Zealand	-2273	-3416	-3380	-1520	-1462	-1475	-4033	-2162	450	1702	486	2154	17628	21841	4213	
Croatia	-24121	17423	12037	-17006	9279	25448	-26183	11771	61341	34113	35307	17315	16997	40100	23103	
Cambodia	-41	-226	-344	3291	107	-914	1205	-602	-1066	1307	-840	-1977	7358	10026	2668	
Belize	-169	-464	-583	-440	-186	-99	-1976	-540	-1079	1192	-614	2110	5507	8039	2532	
Myanmar										11756	51970	10572	4433	10664	6231	
Burkina Faso	1048	-276	-174	4294	221		3002	2217	4035	6022	4195	2135	2820	2976	156	
Benin	-657	-752	-53	-66	-116	-174	-89	-380	-321	9330	-546	7060	1672	2429	757	
Bolivia	-90	-641	-1869	-591	-3131	197	-2003	-5819	1149	-11374	-36060	2538	311	9021	8710	
Togo	-24	-10	-32	-36	-88		-67	-1100	-268	1238	-268	9665	81	209	128	
British Virgin Islands		-1016	84	37	-8	-11	-19	-1	1485	2127	-5384	2174	67	67	0	
Cocos (Keeling) Islands		1											22	22	0	
Ship stores and bunkers			-1	1		-1	-64	-527	-6	-5			-1	0	1	
Kiribati					0		0	-3	0	-1	-6	-11	-2	0	2	
Guinea-Bissau			0	0	0	-1	-7	-2	-3	-3	-28	-2	-3	0	3	
Cayman Islands	-125	-241	-2260	-2193	-3305	-25735	-18340	-3841	-3068	-9	-477	-10	-6	0	6	
Montserrat	-5	-4	-5	-4	-5	-6	-4	-6	-5			-6	-7	0	7	
Palau												-10	-7	0	7	
St. Pierre and Miquelon									-1	-1	-1	-1	-7	0	7	
Tuvalu		0		-1							-1		-7	0	7	
Samoa	-15	-34	-34	-45	-25	-18	-16	-9	-10	-7	-6	-12	-7	0	7	
Saint Kitts and Nevis	-31	-30	-34	-33	-49	-45	-33	-73	-85	-50	-54	-71	-10	0	10	
Cook Islands					-1	63	832	-5	-6	-5	-3	-4	-10	0	10	
Bhutan					-356	-395	-637	-716	-859	-1538	-2452		-10	0	10	
Faroe Islands	-249	-11	-12	-23	-24	-28	-24	-29	-28	-28	-22	-16	-13	0	13	
Falkland Islands (Malvinas)	-3	-3	-6	-3	-8	-9	-11	-16	-10	-12	-17	-16	-16	0	16	
Palestine State of							-5782	-10370	-10638	-8153	-8815	-12968	-16	0	16	
Saint Helena		-1	-22	-6	-4	-5	-9	-28	-10	-20	-17	-23	-16	0	16	
Fiji		-21	-68	-67	-56	-55	-76	-122	-90	-113	-21	-79	-19	24	43	
Andorra	-17	-23	-25	-18	-15	-15	-43	-45	-25	-11	-19	17	-19	0	19	
Greenland	-11	-16	-40	-40	-45	-38	-44	-39	-36	-41	-41	-24	-20	0	20	
Vanuatu						-7	-20		-8	-76	-22	-14	-20	0	20	
Dominica	-12	-19	-16	-22	-30	-25	-25	-23	-31	-28	-26	-22	-21	0	21	
Aruba					0				-316	-323	-325	-357	-23	0	23	
Equatorial Guinea					-20			-2	-18	-1	-22	-33	-32	0	32	
Macao China	-2	0	-1	-6	-10	-8	-9	-19	8	-2		0	-33	0	33	
Turkmenistan	-29	-64		-65	-128	-173	-22	-231	-600	-120	-248	-113	-42	0	42	
Netherland Antilles					-313	-277	-377	-415	-99	-79	-52	-44	-51	0	51	
Gambia	-2	-1	-30	-1	-4	-146	0	0	-6	0	-21		-54	0	54	
Sao Tome and Principe	-1	-12	-27	-14	-5	-11	-6	-13	-10	-52	-80	-34	-65	0	65	
Antigua and Barbuda					-53		-63		-60	-52	-66	-83	-81	0	81	
Comoros	-1	-3	-1	-3	-2	-2	-11	-6	0				-83	0	83	
Bermuda												-72	-84	0	84	
Mongolia	-3		-4	-4	0	-7	-18						-110	0	110	
Solomon Islands								-30	-46	-50	-68	-73	-130	0	130	
Congo							-66	-27	-156	-149	-152	-141	-134	0	134	
Afghanistan								0	0	0	0	0	-154	0	154	
Saint Lucia	-33	-31	-50	-41	-90	-52	-73	-62	-7	-5	-18		-156	0	156	
Maldives	-7	-21	-21	-26	-15	-25	-40	-65	-48	-78	-67	-70	-182	0	182	
Bahamas	-100	-166	-240	-193	-307	-350	-319	-415	-913	-271	-304	-318	-202	0	202	
Central African Republic	0	-29	0			0	0	0	-340	-10	-127	0	-214	0	214	
Timor-Leste				-9	0			-521	-107	-380	-1495	-262	-217	0	217	
Bahrain	-1546	-2695	-1825	-155	-914	-93	-560	-5990	-3452	-4825	-5669	-223	-279	0	279	
Mali	475	-328	-83	215	-1503	61	-86	-479		-142	-297	-3075	-280	21	301	
Sierra Leone		-111	-193	-134	-115	-111	155	-231	-62	-182	-91	-271	-311	0	311	
Gabon	-224	0	-175	-84	-113	-68	-13	-31	-2	-138	-234	-159	-393	0	393	
Guinea	-13	-12		-25	-259	-19	-29	-2911		-1197	-132	-245	-396	0	396	
Seychelles	-559	-602	-2027		-1904	-2452		-3607	-1680	-1436	-789	-100	-449	0	449	
Liberia	-18	-73	-1525	-190	-333	-121	-230	-307	-152	-305	-4439	-460	-482	0	482	
Kyrgyzstan	-758	-352	-308	-264	-293	-114	-441	-48	-177	14	-935	-484	-492	2	494	
Mayotte	-63	-100	-131	-153	-173	-127	-306	-502	-547	-2747	-505	-779	-534	0	534	
Kazakhstan	1065	746	2497	1911	386	1420	-196	-240	-1164	127	3538	1236	-620	1381	2001	
Eritrea			-1314	127	95	-49	-288	-12	-986	-168	-6	-464	-650	0	650	
Uzbekistan	-6	-10	-10	-4	-18	-829	-202	-1669	-3520	-1201	-3152	-1283	-690	0	690	
Tajikistan	-7							-1250	-1234	-913	-1710	-1945	-804	0	804	
Papua New Guinea	-182	-44	-29	-29							-93	-1	-882	0	882	
Grenada	-269	-205	-119	-568	-183	-93	-268	-257	-781	-1825	-3415	-2463	-926	0	926	
Somalia	-189	-422	-1020	-1122	-522	-1610	-5153	-27452	-4153	-7462	-8748	-367	-965	0	965	
Finland	-304	-638	-369	-725	-251	-540	-1376	-1368	-262	-154	-209	-779	-966	0	966	
Mauritania	-18	-21	-120	-226	-53		-23	-76	-55	-152	-21	-100	-1158	0	1158	
French Polynesia	-1295	-1210	-1414	-1123	-1584	-1470	-1548	-2053	-1576	-1642	-1424	-1489	-1166	0	1166	
Ethiopia	-2055	517	-4954	-5936	313	-116	-1476	-14891	-3863	7052	11823	-1877	-1662	2	1664	
New Caledonia	-179	-305	-277	-241	-261	-296	-290	-996	-1210	-987	-2007	-1881	-1814	0	1814	
Turks and Caicos Islands	-66	-66	-80	-69							-107	-93	-1973	0	1973	
Saint Vincent and the Grenadines	-241	-474	-469	-638	-378	-18	-1248	-868	-909	-900	-1802	-2055	-2041	0	2041	
Suriname	-3164			-2748	-3680	-3940	-3452		-4073	-5410	-6791	-3517	-2234	17	2251	
Brunei Darussalam	-475	-439	-19	-17		-29				-1183	-2467	-1955	-2384	1	2385	
Côte d'Ivoire	261	-1211	-1774	-921	-7382	-1481	-1348	-3234	-8714	-5108	-2571	-6640	-2712	256	2968	
Madagascar	97	487	-2176	-471	-334	69	-687	72	-3556	-815	-1841	-1847	-2826	312	3138	
Burundi	-915	-1038	-8032	-2994	-2333	-74	-14255	-1437	-53	-721	-14507	-25963	-2891	0	2891	
Montenegro						-1770	-1990	-3057	-3666	-3450	-4413	-4094	-2894	0	2894	
Ghana	-1452		-46		-13746	-1430	1236	-21398	-8265	11073	-4296	-37761	-2967	261	3228	
Georgia	-29	-41	-54	79	-1457	-1357	715	-2403	-5384	-886	-10738	-1767	-4064	12582	16646	
Sri Lanka	-20128	-12598	-19978	-24843	-25095	-16302	-19467	-24302	-8569	-5038	-5017	-5928	-4491	341	4832	
Luxembourg	-1584	-2672	-3292	-5969	-3653	-3779	-3563	-5404	-3820	-3386	-4017	-3835	-4931	3910	8841	
Djibouti									-109	-434	-555	-1631	-5040	0	5040	
Qatar	-2410	-160	-1376	-786	-2064	-2488	-5243	-6694	-3730	-7001	-5219	-6991	-5211	0	5211	
Cameroon	-2353	-2086	-1120	-620	-2928	-2023	-748	-1700	-7911	-4514	-3095	-7119	-5330	0	5330	
Haiti	-512	-468	-686	-108	-172	-346	-292	-1193	-1172	-1613	-4089	-3174	-5373	0	5373	
Iceland	-2404	-2099	-3235	-4169	-3803	-4067	-8846	-6928	-4730	-3828	-7461	-4982	-5775	0	5775	
Democratic Republic of the Congo	-2471	-3140	-1334	397	-3344	-4192	-4128	-5138	-5170	-2633	-1275	-3335	-6242	21	6263	
Latvia	-1394	-1315	-3378	-2146	-647	-2180	-2432	-14496	-1679	-2314	-4348	-7044	-6924	2444	9368	
Estonia	-719	-2751	-4376	-4723	-2356	-2028	-3464	-9121	-2300	-4029	-6661	-3741	-8402	678	9080	
Iraq	-7565	-396	3607	-110	-6206	-3850	-1554	-8987	-1793	-1339	-1520	-3409	-9085	0	9085	
Rwanda	-1642	-628	281	-2249	-359	-2227	-4311	-3067	-10506	-14677	-6300	-8951	-9127	2507	11634	
Sudan (North + South)	-3306	1240	-390	-1000	-17102	-686		-58	-36180	-10927	-9369	-21749	-9362	219	9581	
Cabo Verde	-3756	-5159	-6526	-3787	-4755	-5224	-7194		-3593	-6517	-6887	-7153	-9632	0	9632	
Barbados	-3309	-3559	-4110	-5056	-5183	-5508	-7290	-12676	-7455	-8427	-12068	-9800	-10058	6	10064	
Guyana	-979	-2150	-911	-220	-2792	-1696	-1496	-7823	-5104	-6705	-11604	-14147	-10139	0	10139	
Sweden	-1343	-2200	-2171	-3366	-2337	-5296	-8954	-15484	-6559	-7007	-9486	-11445	-10888	144	11032	
Niger	-1500	-2514	-2383	-10441	-4810	-4400	-2915	-889	-231	-15453	-2233	-20499	-11016	3	11019	
Hong Kong China	-7875	-6667	-10133	-14143	-16018	-15538	-11342	-9261	-6842	-8991	-10179	-6684	-12254	0	12254	
Singapore	-2560	-3778	-3728	-2724	-2783	-1505	-2234	-2211	-3385	-4339	-6594	-11444	-13434	280	13714	
Macedonia The Former Yugoslav Republic of	-9831	-8910	-7469	-11320	-9197	-9041	-13719		-9647	-11309	-18771	-19331	-13730	220	13950	
Angola	-7982	-14294	-22696	-13491	-11533	-6672	-3797	-12702	-10468	-5652	-11123	-6665	-14782	0	14782	
Malta	-7876	-6419	-9347	-9576	-10947	-8381	-16593	-24443	-11575	-11772	-14130	-13480	-17402	0	17402	
Malawi	-1008	-81978	6481	-9293	-21435	-5618	97144	6297	-14829	-3486	82370	-160	-18763	1701	20464	
Mozambique	-1810	-3272	-12780	-4717	-5409	-15029	-3021	-17731	-24704	-9474	-25946	-3909	-19018	399	19417	
Lesotho	-13397	-13273	-14075					-12164	-13967	-16512			-20316	20	20336	
Kenya	-41620	3477	-13354	-53460	-8421	-17622	-3797	-88827	-435241	-62409	-118918	-56339	-22457	2499	24956	
Albania	-4385	-3455	-4380	-8045	-6126	-8575	-16197	-22845	-15223	-18090	-18183	-16624	-23571	4	23575	
Swaziland	-11238	-14576	-25188	-20464	-17353	-13122	-47388	-895	-1284	-2478	-810	-641	-23793	208	24001	
Armenia	-2533	-3179	-2943	-6346	-43	-1168	-11491	-11593	-7390	-7158	-11026	-11474	-24845	0	24845	
Trinidad and Tobago	-11834	-11193	-9717	-13034	-11935	-16281	-21276	-26510	-21588	-21974	-21601	-27901	-27342	1	27343	
Tanzania United Republic of	-5072	12537	7092	-17189	7537	-44876	9641	-5458	-6667	-14491	-13242	-923	-29507	8857	38364	
Mauritius	-8136	-9832	-9352	-15058	-13529	-14036	-17825	-29469	-18639	-23948	-31419	-31992	-30252	511	30763	
Norway	-5030	-6686	-7011	-6597	-3064	-3595	-13025	-25091	-8181	-14393	-18622	-24601	-30569	0	30569	
Pakistan			-10805	-15246	-20646	-20083	-18884	-43249	12629	-18046	34224	57301	-30986	30662	61648	
Nicaragua	-3329	-3177	-2440	-3357	-1320	-9376	-27158	-29111	-24812	-27460	-35439	-40266	-32155	812	32967	
Slovenia	-24587	-19902	-30902	-38715	-22552	-29046	-57965	-34769	-17952	-22245	-27564	-13964	-32421	24775	57196	
Lithuania	-3483	-4980	-7733	-5888	-3999	-5608	-9986	-36140	-5209	-6164	-23435	-17160	-32664	8404	41068	
Azerbaijan	-45	-306	-1175	-2273	-4161	-2933	-8156	-15059	-11405	-14948	-18967	-20223	-35369	0	35369	
Korea Democratic People's Republic of	-90201	-19508	-15474	-34556	-35629	-18642	-12918	-60341	-29892	-23500	-49193	-121212	-40140	0	40140	
Senegal	-6950	-12789	-13102	-13189	-15762	-16542	-23678	-37044	-28406	-23249	-32311	-48189	-42219	76	42295	
Oman	-5843	-4156	0	-19616	-24038	-10683	-16075	-27162	-14160	-21861	-36733	-39876	-42872	0	42872	
Kuwait	-12707	-14568	-17148	-20611		-19931	-26698	-44063	-25668	-17815	-52214	-38251	-46202	0	46202	
Switzerland	-9021	-12232	-27357	-24723	-21664	-19489	-54006	-51164	-27619	-35162	-58105	-39602	-47444	647	48091	
Austria	20333	5760	32902	33791	43267	48237	53458	100108	53262	-26287	-69979	43320	-47701	248342	296043	
Nigeria	-73	-2604	-1327			-28	-215	-137	-1731	-2189	-1437	-24435	-48021	1227	49248	
Cyprus	-22719	-24335	-30619	-20338	-26140	-28186	-50559	-52097	-35025	-42403	-61932	-58393	-48091	718	48809	
Botswana	-7232	-44068	-18466	-24990	-22829	-27883	-12609	-8018	-8650	-9420	-17070	-20145	-49743	69	49812	
Nepal			-2687						-3073	-24381	-46967	-20187	-54629	0	54629	
Namibia	-9161	-10228	-7803	-10096	-8580	-9962	-16352	-14298	-23013	-17023	-17543	-24783	-56110	92	56202	
Belarus	-23356	-24411	-17328	-39536	-36261	-37746	-54143	-71383	-39801	-36597	-46839	-50274	-56805	407	57212	
Bosnia and Herzegovina			-4754	-34101	-33677	-33000	-41543	-50419	-28879	-36569	-48731	-42935	-58903	539	59442	
Free Zones	-325	-1916	-2357	-2392	-1459	-590	-13112	-3932	-5589	-26857	-68	-48334	-61072	3	61075	
Jamaica	-22111	-26509	-27614	-28538	-42422	-34758	-52426	-64802	-59080	-57036	-80222	-77552	-77186	80	77266	
Ecuador	-7909	-39626	-38266	-62407	-53364	-70059	-124773	-96902	-78287	-132267	-182030	-117832	-79092	299	79391	
Panama	-30046	-36135	-39507		-41122	-37400	-65671	-97544	-79326	-85701	-115908	-96811	-87662	0	87662	
Denmark	-21333	-25654	-31358	-30662	-36314	-42915	-55291	-142368	-57024	-44518	-44990	-61296	-94624	19243	113867	
El Salvador	-55570	-49802	-54156	-68240	-65220	-88353	-136499	-170203	-114802	-116285	-209061	-147244	-97067	5242	102309	
Zimbabwe	119	-31444		-106414	-30527	-94203	-150345	-169911	-104582	-56518	-121272	-267939	-107200	1484	108684	
Lebanon	-31954	-36306	-40320	-49407	-38232	-39864	-73442	-94618	-74481	-83825	-129834	-114806	-111416	123	111539	
Honduras	-70018	-30986	-22428	-29849	-39641	-52463	-49448	-65317	-90297	-85004	-147081	-118963	-111902	1811	113713	
Greece	-83203	-90466	-86666	-109680	-44103	-109519	-195666	-174661	-47097	-97968	-155214	-62052	-126005	20382	146387	
Syrian Arab Republic	-36002	-98514	-104939	-118582	-195398	-182335	-239904	-258142	-359907	-420770	-422841	-181765	-126259	0	126259	
Bangladesh	-43796	-34622	-33620	-16597	-25148	-32206	-31553	-11170	-102465	-156218	-138963	-56841	-129351	0	129351	
United Arab Emirates					-26468		-34758	-52471	-68328	199038	533221	-123102	-134145	1880	136025	
Philippines	-28730	-55054	-21411	-13285	-26906	-58139	-47923	-24471	-103316	-77154	-47984	-87475	-137270	1191	138461	
Yemen				-41478	-46319	-47600	-69897	-89251	-108492	-101082	-149881	-151809	-157526	0	157526	
Libya							-24140	-47062	-45782	-155108	-94223	-162591	-161723	0	161723	
Jordan	-52628	-57314	-73144	-72259		-71753	-109006	-146487	-150143	-156524	-193858	-205524	-180548	7957	188505	
Costa Rica	-55641	-60204	-69153	-91440	-48654	-85470	-143592	-190518	-91674	-143580	-193032	-191056	-190113	66	190179	
Guatemala	-55112	-69708	-65790	-76392	-80792	-107732	-140931	-163166	-143828	-140293	-226523	-220424	-201198	4645	205843	
Ireland	-20779	-24388	-31522	-35910	-28704	-37669	-69752	-110737	-72843	-86676	-89451	-215300	-221307	2344	223651	
Tunisia	-82280	-93245	-67998	-108320	-89615	-81484	-140228	-221491	-126979	-193615	-251624	-251652	-234625	0	234625	
Cuba	-23618	-31297	-49300	-77621	-99723	-80538	-109974	-195993	-124442	-144574	-202032	-227693	-246554	0	246554	
Dominican Republic	-83522	-114238	-109366	-85705	-97220	-146874	-202552	-257027	-164648	-235672	-323595	-318881	-310750	1160	311910	
Israel	-108051	-101795	-127245	-199202	-144641	-173237	-235504	-231958	-159435	-207957	-330930	-333423	-359325	21716	381041	
Turkey	-57302	-122822	-263077	-174672	-25008	23249	-256859	-356990	-53813	-98151	-108196	-212099	-382994	88532	471526	
Belgium	-70991	-76950	-97019	-79036	-85362	-94526	-169441	-229934	-150567	-158311	-266218	-326079	-433390	111399	544789	
Morocco	-116752	-135836	-155997	-201921	-233261	-221550	-446728	-530022	-357793	-444527	-591304	-636174	-479142	10888	490030	
Portugal	-153661	-158699	-191624	-209119	-196766	-233038	-383147	-460472	-285354	-328714	-504916	-484381	-484797	11074	495871	
Peru	-92671	-103721	-118743	-153983	-164183	-213556	-325892	-399968	-311178	-435446	-616127	-552572	-493880	20968	514848	
Germany	-72842	-101870	-87013	-138106	-232429	-245589	-455644	-495264	-412010	-394719	-556619	-476161	-524504	360644	885148	
Saudi Arabia	-146576	-144591	-130577	-146448	-188854	-211734	-465375	-578530	-377956	-471315	-611069	-629266	-574718	278	574996	
United Kingdom	-216049	-208543	-260546	-297320	-265193	-252074	-419502	-341792	-238065	-239043	-327580	-404158	-601300	38975	640275	
Viet Nam	354	-38579	-50668	-7842	-42763	-94630	-103419	-139962	-325687	-452499	-324469	-493316	-638470	5470	643940	
Venezuela	-109839	-53562	-83295	-89274	-37380	-24683		-346657	-309635	-291564	-319335	-569099	-831347	5	831352	
Algeria	-204780	-240334	-211987	-298356	-354698	-337828	-517315	-671330	-407494	-637653	-998550	-941875	-892583	0	892583	
China	620809	1165644	1766446	323422	1095167	400236	867524	61051	11207	-333893	-531006	-1587551	-903355	33171	936526	
Indonesia	-115012	-134648	-163141	-168601	-21802	-273192	-133110	-65126	-63099	-357755	-1019063	-482880	-908247	10643	918890	
Iran (Islamic Republic of)	-224714	-138617	-437871	-335092	-377210	-37157				-919642	-1294008	-1221358	-953980	14	953994	
Malaysia	-215229	-259227	-274083	-338287	-366830	-395615	-614349	-674260	-568243	-767174	-931995	-926521	-989564	6011	995575	
Colombia	-200360	-249444	-263240	-331754	-321306	-461892	-678091	-932359	-665887	-801119	-923319	-996480	-1010674	11704	1022378	
Netherlands	-241610	-280210	-322529	-415920	-352349	-408126	-803153	-1047381	-647210	-618410	-992475	-1058812	-1133203	215968	1349171	
Italy	-53859	-121289	-218681	-300875	-212903	-300234	-583451	-678658	-468233	-442151	-789473	-771078	-1159637	58128	1217765	
Taipei Chinese	-586120	-590343	-682337	-817768	-717762	-756246	-945325	-1287122	-958315	-1225434	-1385356	-1411276	-1189750	18	1189768	
Spain	-333840	-445178	-557647	-474701	-653565	-695587	-1539062	-1548805	-874810	-889373	-1502632	-1718581	-1574445	99639	1674084	
Mexico	-641076	-618631	-722571	-737707	-699784	-1101129	-1482993	-2367625	-1348839	-1427555	-2947371	-2763427	-1792427	260577	2053004	
Egypt	-552041	-591391	-528348	-363575	-695209	-541581	-937144	-972992	-825373	-1264088	-2178875	-1955874	-1983982	973	1984955	
Korea Republic of	-925468	-983477	-1048352	-1431506	-1212557	-1264414	-1825570	-2819789	-1637799	-1989939	-2497793	-2602813	-2676524	79	2676603	
Japan	-1951920	-1995121	-2401469	-2936492	-2580942	-2585496	-3843047	-5578109	-3769960	-3956286	-5355175	-5126527	-4750376	0	4750376	
French South Antarctic Territories	-10															
Gibraltar	-5	-4	-4			-1	-2	-2	-4555	-1	-133	-40				
Chad			2					-41	-242	-2674						
British Indian Ocean Territories								-270	-1							
United States Minor Outlying Islands		46	28	17		2326	0	8	43		12					
Tokelau		-15	-8	-165	-10					-383		-3				
Tonga	0	0	0					-22	-3	-1	-1	-11				
Anguilla	-7	-9	-6	-1			-3			-1167						
Northern Mariana Islands											-22					
Micronesia (Federated States of)	-3								-4							
Norfolk Island						4		-1								
Wallis and Futuna Islands			-3	-1	-2	-1	-1	-6	-1	-1	-2	-1				
West Asia not elsewhere specified		-119														
Serbia and Montenegro	-20471	36782		28616	109510											
